lam_min  lam_max  lam_c
5885.384  5885.628  5885.519
5887.013  5889.566  5888.303
5893.029  5893.526  5893.256
5893.806  5894.199  5894.006
5899.555  5899.970  5899.771
5900.457  5900.788  5900.629
5901.351  5901.827  5901.620
5902.875  5903.313  5903.073
5910.493  5910.784  5910.634
5911.998  5912.677  5912.293
5914.386  5914.756  5914.584
5915.600  5916.037  5915.809
5916.367  5917.406  5916.912
5919.867  5920.275  5920.075
5920.508  5920.828  5920.663
5921.100  5921.498  5921.269
5925.684  5926.092  5925.894
5929.679  5930.077  5929.912
5933.582  5933.951  5933.740
5934.252  5934.572  5934.397
5941.917  5942.267  5942.098
5942.461  5942.946  5942.711
5943.121  5943.461  5943.265
5943.830  5944.491  5944.143
5945.670  5947.884  5946.901
5948.302  5948.865  5948.594
5950.612  5951.642  5951.082
5956.433  5956.821  5956.607
5959.288  5960.501  5959.846
6277.848  6287.767  6281.727
6289.205  6289.852  6289.534
6290.678  6292.295  6291.512
6293.589  6294.991  6294.283
6296.644  6298.010  6297.306
6299.878  6301.280  6300.598
6303.329  6304.838  6304.113
6307.276  6308.660  6307.958
6311.292  6312.709  6312.011
6315.645  6317.264  6316.484
6320.250  6321.580  6320.900
6325.070  6326.580  6325.800
6473.992  6475.166  6474.568
6476.613  6477.788  6477.238
6480.737  6482.103  6481.517
6484.698  6485.954  6485.326
6488.412  6488.712  6488.551
6490.706  6491.116  6490.929
6492.317  6492.836  6492.583
6494.475  6494.912  6494.695
6497.425  6497.889  6497.661
6499.063  6499.637  6499.349
6510.206  6510.509  6510.393
6513.543  6514.244  6513.916
6516.228  6516.765  6516.505
6517.419  6517.839  6517.633
6518.096  6518.609  6518.366
6518.726  6519.053  6518.881
6519.613  6519.963  6519.812
6521.014  6521.504  6521.273
6868.713  6882.348  6874.286
6885.302  6886.136  6885.721
6887.173  6889.157  6888.182
6890.306  6892.290  6891.329
6893.755  6895.693  6894.750
6897.497  6899.345  6898.348
6901.318  6903.309  6902.344
6905.611  6907.407  6906.469
6910.021  6911.817  6910.895
6914.705  6916.344  6915.603
6919.662  6921.340  6920.542
6924.814  6926.414  6925.638
6930.278  6931.956  6931.130
6935.196  6937.538  6936.475
6939.351  6940.335  6939.784
6941.302  6944.528  6942.818
6945.350  6946.076  6945.713
6948.269  6948.672  6948.470
6949.091  6949.833  6949.435
6950.656  6951.301  6950.937
6952.430  6953.316  6952.854
6955.221  6956.016  6955.603
6958.017  6958.689  6958.351
6961.088  6961.730  6961.377
6962.921  6963.487  6963.173
6966.176  6966.649  6966.440
6979.103  6979.573  6979.376
6983.100  6983.688  6983.392
6988.242  6988.672  6988.491
6990.638  6991.149  6990.909
6992.034  6993.151  6992.508
6995.132  6996.290  6995.687
7000.459  7001.317  7000.864
7006.464  7007.434  7006.850
7011.497  7012.026  7011.750
7012.797  7013.616  7013.176
7016.988  7019.590  7018.262
7020.987  7021.565  7021.279
7022.240  7023.059  7022.667
7024.167  7024.600  7024.430
7025.117  7025.763  7025.421
7028.069  7030.141  7029.180
7041.482  7041.993  7041.724
7149.423  7149.796  7149.616
7152.383  7153.354  7152.901
7158.179  7158.652  7158.398
7160.492  7161.512  7160.976
7163.801  7164.273  7164.017
7165.642  7166.562  7166.181
7169.609  7170.179  7169.866
7171.722  7172.975  7172.375
7174.420  7176.361  7175.345
7177.754  7178.345  7178.055
7178.788  7179.822  7179.338
7183.175  7183.930  7183.551
7186.046  7186.933  7186.487
7187.840  7188.557  7188.248
7188.747  7189.633  7189.273
7193.123  7194.683  7193.644
7195.237  7195.975  7195.621
7196.766  7197.209  7197.003
7197.567  7198.032  7197.770
7199.005  7200.668  7199.926
7202.164  7203.644  7202.881
7205.605  7206.586  7206.218
7208.066  7208.714  7208.389
7211.246  7211.816  7211.502
7212.987  7213.419  7213.180
7218.273  7218.722  7218.494
7225.305  7225.970  7225.596
7229.179  7229.728  7229.469
7233.967  7235.197  7234.745
7236.161  7237.042  7236.658
7237.907  7238.373  7238.118
7241.598  7242.013  7241.819
7242.246  7243.144  7242.698
7245.221  7245.986  7245.620
7247.383  7247.948  7247.649
7248.912  7249.461  7249.189
7250.674  7251.073  7250.900
7251.938  7252.437  7252.192
7253.949  7255.961  7254.937
7258.853  7260.150  7259.612
7262.511  7262.893  7262.701
7263.841  7264.173  7264.000
7264.755  7265.171  7264.957
7266.199  7266.793  7266.536
7267.229  7267.961  7267.576
7271.486  7272.437  7271.928
7274.615  7275.308  7274.965
7277.091  7277.656  7277.396
7278.138  7280.333  7279.222
7289.109  7290.317  7289.634
7292.080  7293.327  7292.535
7293.941  7295.604  7294.646
7296.753  7297.268  7297.000
7301.386  7302.099  7301.793
7304.970  7306.475  7305.758
7310.475  7311.743  7311.250
7314.416  7314.931  7314.643
7317.268  7317.782  7317.525
7319.069  7319.465  7319.293
7319.881  7320.911  7320.498
7325.782  7326.198  7325.972
7328.911  7329.564  7329.242
7332.420  7333.240  7332.861
7335.544  7335.940  7335.693
7336.954  7337.918  7337.416
7595.044  7663.558  7623.325
7665.901  7668.861  7667.426
7672.121  7674.370  7673.234
7678.218  7680.112  7679.192
7684.433  7686.328  7685.376
7690.826  7692.721  7691.800
7697.516  7699.351  7698.439
7704.500  7706.158  7705.356
7903.672  7904.213  7903.928
7910.543  7911.817  7911.077
7917.530  7918.148  7917.809
7922.471  7923.243  7922.842
7926.177  7926.949  7926.537
7930.423  7931.118  7930.729
8009.310  8010.209  8009.736
8014.827  8015.667  8015.239
8030.419  8031.199  8030.811
8135.554  8137.604  8136.539
8142.548  8144.629  8143.597
8145.670  8146.874  8146.214
8148.143  8148.761  8148.445
8149.151  8149.671  8149.423
8150.094  8152.534  8151.316
8154.225  8157.380  8156.123
8159.884  8160.535  8160.229
8163.332  8164.991  8164.129
8166.259  8167.723  8166.807
8170.618  8172.700  8171.842
8178.685  8181.612  8179.974
8183.597  8184.507  8184.077
8185.065  8185.589  8185.337
8188.178  8189.071  8188.628
8190.981  8192.152  8191.509
8194.925  8195.880  8195.364
8199.454  8200.440  8199.945
8201.025  8203.337  8202.396
8211.501  8212.826  8212.178
8213.935  8214.674  8214.371
8219.912  8220.774  8220.359
8223.394  8224.133  8223.796
8225.797  8226.629  8226.239
8227.614  8228.169  8227.925
8228.724  8229.556  8229.202
8229.740  8231.374  8230.567
8231.682  8232.298  8231.998
8233.037  8234.301  8233.648
8235.688  8237.135  8236.257
8239.292  8239.939  8239.583
8241.725  8242.465  8242.125
8245.114  8246.162  8245.688
8254.635  8255.221  8254.964
8258.271  8259.226  8258.770
8261.506  8262.307  8261.934
8265.296  8266.065  8265.682
8273.983  8274.568  8274.288
8276.140  8276.972  8276.594
8278.480  8279.264  8278.885
8281.539  8282.221  8281.854
8283.788  8284.773  8284.286
8289.829  8290.663  8290.229
8291.371  8292.154  8291.786
8296.136  8297.053  8296.538
8302.353  8303.000  8302.661
8306.258  8307.774  8307.140
8313.814  8314.522  8314.199
8318.188  8318.794  8318.479
8320.007  8320.791  8320.405
8323.216  8324.177  8323.681
8331.633  8332.239  8331.948
8340.731  8341.642  8341.223
8363.378  8365.122  8364.235
8936.182  8936.962  8936.543
8948.419  8949.792  8949.052
8950.729  8951.728  8951.210
8953.913  8955.036  8954.462
8956.316  8957.814  8957.136
8964.338  8966.305  8965.287
8967.429  8969.271  8968.238
8973.203  8974.452  8973.894
8975.014  8975.607  8975.335
8976.325  8977.854  8977.082
8978.510  8979.197  8978.825
8982.475  8984.129  8983.035
8988.483  8996.162  8992.189
9002.000  9003.842  9002.813
9005.549  9006.954  9006.242
9008.890  9010.669  9009.871
9011.105  9011.824  9011.514
9013.759  9014.914  9014.361
9018.317  9020.159  9019.105